78
109
true
2
main
14
2
subway
7
1
3333333333333333333333333333333333333333333333333333333333333333333333333333333333333333333333333333333333333
3034430344303443034430344303443034430344303443034430344303443034430344303443034430344303443034430344303443033
3034430344303443034430344303443034430344303443034430344303443034430344303443034430344303443034430344303443033
3034430344303443034430344303443034430344303443034430344303443034430344303443034430344303443034430344303443033
3034430344303443034430344303443034430344303443034430344303443034430344303443034430344303443034430344303443033
3033330333303333033330333303333033330333303333033330333303333033330333303333033330333303333033330333303333033
3000000000000000000700000000000000000000000000000000000000000000000000000000000000000700000000000000000000063
3033330333303333033330333303333033330333303333033330333303333033330333303333033330333303333033330333303333033
3034430344303443034430344303443034430344303443034430344303443034430344303443034430344303443034430344303443033
3034430344303443034437344303443034430344303443034430344303443034430344303443034430344303443034430344303443033
3034430344303443034430344303443034430344303443034430344303443034430344303443034430344303443034430344303443033
3033330333303333033330333303333033330333303333033330333303333033330333303333033330333303333033330333303333033
3000000000000000000000000000007000000000000000000000000000070000000000000000000000000000000000000000000000003
3033330333303333033330333303333033330333303333033330333303333033330333303333033330333303333033330333303333033
3034430344303443034430344303443034430344303443034430344303443034430344303443034430344303443034430344303443033
3034430344303443034430344303443034430344303443034430344303443034430344303443034430344303443034430344303443033
3034430344303443034430344303443034430344303443034430344303443034430344303443034430344303443034430344303443033
3033330333303333033330333303333033330333303333033330333303333033330333303333033330333303333033330333303333033
3000000000000000000000000000000000000000000700000000000000000000000000000000000000000000000000000000000000003
3033330333303333033330333303333033330333303333033330333303333033330333303333033330333303333033330333303333033
3034430344303443034430344303443034430344303443034430344303443034430344303443034430344303443034430344303443033
3034430344303443034430344303443034430344303443034430344303443034430344303443034430344303443034430344303443033
3034430344303443734430344303443034430344303443034430344303443034430344303443034430344303443034430344303443033
3033330333303333033330333303333033330333303333033330333303333033330333303333033330333303333033330333303333033
3000000000000000000000000000000000000000000000000000000000000000000000000700000000000000000000000000000000003
3033330333303333033330333303333033330333303333033330333303333033330333303333033330333303333033330333303333033
3034430344303443034430344303443034430344303443034430344303443034430344303443034430344303443034430344303443033
3034430344303443034430344303443034430344303443734430344303443034430344303443034430344303443034430344303443033
3034430344303443034430344303443034430344303443034430344303443034430344303443034430344303443034430344303443033
3033330333303333033330333303333033330333303333033330333303333033330333303333033330333303333033330333303333033
3000000000000007000000000000000000000000000000000000000000000000000000000700000000000000000000000000000000003
3033330333303333033330333303333033330333303333033330333303333033330333303333033330333303333033330333303333033
3034430344303443034430344303443034430344303443034430344303443034430344303443034430344303443034430344303443033
3034430344303443034430344303443034430344303443034430344303443034430344303443034430344303443034430344303443033
3034430344303443034430344303443034430344303443034430344303443034430344303443034430344303443034430344303443033
3033330333303333033330333303333033330333303333033330333303333033330333303333033330333303333033330333303333033
3000000000000000000700000000000000000000000000000000000000000000000000000000000000000000000000070000000000003
3033330333303333033330333303333033330333303333033330333303333033330333303333033330333303333033330333303333033
3034430344303443034430344303443034430344303443034430344303443034430344303443034430344303443034430344303443033
3034430344303443034430344303443034430344303443034430344303443034430344303443034430344303443034430344303443033
3034430344303443034430344303443034430344303443034430344303443034430344303443034430344303443034430344303443033
3033330333303333033330333303333033330333303333033330333303333033330333303333033330333303333033330333303333033
3000000000000000000700000000000000000000000000077700000000000000000000000000000000000000000000000000000000003
3033330333303333033330333303333033330333303333033330333303333033330333303333033330333303333033330333303333033
3034430344303443034430344303443034430344303443034430344303443034430344303443034430344303443034430344303443033
3034430344303443034430344303443034430344303443034430344303443034430344303443034430344303443034430344303443033
3034430344303443034430344303443034430344303443034430344303443034430344303443034430344303443034430344303443033
3033330333303333033330333303333033330333303333033330333303333033330333303333033330333303333033330333303333033
3000000000000007000000000000000000000000000000000000000000700000000000000000000000000000000000000000000000003
3033330333303333033330333303333033330333303333033330333303333033330333303333033330333303333033330333303333033
3034430344303443034430344303443034430344303443034430344303443034430344303443034430344303443034430344303443033
3034430344303443034430344303443034430344303443034430344303443034430344303443034430344303443034430344303443033
3034430344303443034430344303443034430344303443034430344303443034430344303443034430344303443034430344303443033
3033330333303333033330333303333033330333303333033330333303333033330333303333033330333303333033330333303333033
3000000000000000000000000000000000000000000000000000000000000000000000000070000000000000000000000000000000003
3033330333303333033330333303333033330333303333033330333303333033330333303333033330333303333033330333303333033
3034430344303443034430344303443034430344303443034430344303443034430344303443034430344303443034430344303443033
3034430344303443034430344303443034430344303443034430344303443034430344303443034430344303443034430344303443033
3034430344303443034430344303443034430344303443034430344303443034430344303443034430344303443034430344303443033
3033330333303333033330333303363033330333303333033330333303333033330333303333033330333303333033330333303333033
3000000000000700000000000000007000000000000000000000000000000000000000000000000000000000000000000000000000003
3033330333303333033330333303333033330333303333033330333303333033330333303333033330333303333033330333303333033
3034430344303443034430344303443034430344303443034430344303443034430344303443034430344303443034430344303443033
3034430344303443034430344303443034430344303443034430344303443034430344303443034430344303443034430344303443033
3034430344303443034430344303443034430344303443034430344303443034430344303443034430344303443034430344303443033
3033330333303333033330333303333033330333303333033330333303333033330333303333033330333303333033330333303333033
3000000000000000000000000000000000000000000700000000000000000000000000000000000000070000000000000000000000003
3033330333303333033330333303333033330333303333033330333303333033330333303333033330333303333033330333303333033
3034430344303443034430344303443034430344303443034430344303443034430344303443034430344303443034430344303443033
3034430344303443034430344303443034430344303443034430344303443034430344303443034430344303443034430344303443033
3034430344303443034430344303443034430344303443034430344303443034430344303443034430344303443034430344303443033
3033330333303333033330333303333033330333303333033330333303333033330333303333033330333303333033330333303333033
3000000000000000000000007000000000000000000000000000000000000000000070000000000000000000000000700000000000003
3033330333303333033330333303333033330333303333033330333303333033330333303333033330333303333033330333303333033
3034430344303443034430344303443034430344303443034430344303443034430344303443034430344303443034430344303443033
3034430344303443034430344303443034430344303443034430344303443034430344303443034430344303443034430344303443033
3034430344303443034430344303443034430344303443034430344303443034430344303443034430344303443034430344303443033
3333333333333333333333333333333333333333333333333333333333333333333333333333333333333333333333333333333333333