78
109
true
2
main
76
8
subway
7
38
3333336333333333333333333333333333333333333333333333333333333333333333333333333333333333333333333333333333333
3444300034444444300034444444300034444444300034444444300034444444300034444444300034444444300034444444300034443
3444300034444444300034444444300034444444300034444444300034444444300034444444300034444444300034444444300034443
3444300034444444300034444444300034444444300034444444300034444444300034444444300034444444300034444444300034443
3333300033333333300033333333300033333333300033333333300033333333300033333333300033333333300033333333300033333
3000000000000000000000000000000000000000000000000000000000000000000000000000000000000000000000000000000000003
3000000000000000000000000000000000000000000000000000000000000000000000000000000000000000000000000000000000003
3000000000000000000000000000000000000000000000000000000000000000000000000000000000000000000000000000000000003
3333300033333333300033333333300033333333300033333333300033333333300033333333300033333333300033333333300033333
3444300034444444300034444444300034444444300034444444300034444444300034444444300034444444300034444444300034443
3444300034444444300034444444300034444444300034444444300034444444300034444444300034444444300034444444300034443
3444300034444444300034444444300034444444300034444444300034444444300034444444300034444444300034444444300034443
3444300034444444300034444444300034444444300034444444300034444444300034444444300034444444300034444444300034443
3444300034444444300034444444300034444444300034444444300034444444300034444444300034444444300034444444300034443
3444300034444444300034444444300034444444300034444444300034444444300034444444300034444444300034444444300034443
3333300033333333300033333333300033333333300033333333300033333333300033333333300033333333300033333363300033333
3000000000000000000000000000000000000000000000000000000000000000000000000000000000000000000000000000000000003
3000000000000000000000000000000000000000000000000000000000000000000000000000000000000000000000000000000000003
3000000000000000000000000000000000000000000000000000000000000000000000000000000000000000000000000000000000003
3333300033333333300033333333300033333333300033333333300033333333300033333333300033333333300033333333300033333
3444300034444444300034444444300034444444300034444444300034444444300034444444300034444444300034444444300034443
3444300034444444300034444444300034444444300034444444300034444444300034444444300034444444300034444444300034443
3444300034444444300034444444300034444444300034444444300034444444300034444444300034444444300034444444300034443
3444300034444444300034444444300034444444300034444444300034444444300034444444300034444444300034444444300034443
3444300034444444300034444444300034444444300034444444300034444444300034444444300034444444300034444444300034443
3444300034444444300034444444300034444444300034444444300034444444300034444444300034444444300034444444300034443
3333300033333333300033333333300033333333300033333333300033333333300033333333300033333333300033333333300033333
3000000000000000000000000000000000000000000000000000000000000000000000000000000000000000000000000000000000003
3000000000000000000000000000000000000000000000000000000000000000000000000000000000000000000000000000000000003
3000000000000000000000000000000000000000000000000000000000000000000000000000000000000000000000000000000000003
3333300033333333300033333333300033333333300033333333300033333333300033333333300033333333300033333333300033333
3444300034444444300034444444300034444444300034444444300034444444300034444444300034444444300034444444300034443
3444300034444444300034444444300034444444300034444444300034444444300034444444300034444444300034444444300034443
3444300034444444300034444444300034444444300034444444300034444444300034444444300034444444300034444444300034443
3444300034444444300034444444300034444444300034444444300034444444300034444444300034444444300034444444300034443
3444300034444444300034444444300034444444300034444444300034444444300034444444300034444444300034444444300034443
3444300034444444300034444444300034444444300034444444300034444444300034444444300034444444300034444444300034443
3333300033333333300033333333300033333333300033333333300033333333300033333333300033333333300033333333300033333
3000000000000000000000000000000000000000000000000000000000000000000000000000000000000000000000000000000000003
3000000000000000000000000000000000000000000000000000000000000000000000000000000000000000000000000000000000003
3000000000000000000000000000000000000000000000000000000000000000000000000000000000000000000000000000000000003
3333300033333333300033333333300033333333300033333333300033333333300033333333300033333333300033333333300033333
3444300034444444300034444444300034444444300034444444300034444444300034444444300034444444300034444444300034443
3444300034444444300034444444300034444444300034444444300034444444300034444444300034444444300034444444300034443
3444300034444444300034444444300034444444300034444444300034444444300034444444300034444444300034444444300034443
3444300034444444300034444444300034444444300034444444300034444444300034444444300034444444300034444444300034443
3444300034444444300034444444300034444444300034444444300034444444300034444444300034444444300034444444300034443
3444300034444444300034444444300034444444300034444444300034444444300034444444300034444444300034444444300034443
3333300033333333300033333333300033333333300033333333300033333333300033333333300033333333300033333333300033333
3000000000000000000000000000000000000000000000000000000000000000000000000000000000000000000000000000000000003
3000000000000000000000000000000000000000000000000000000000000000000000000000000000000000000000000000000000003
3000000000000000000000000000000000000000000000000000000000000000000000000000000000000000000000000000000000003
3333300033333333300033333333300033333333300033333333300033333333300033333333300033333333300033333333300033333
3444300034444444300034444444300034444444300034444444300034444444300034444444300034444444300034444444300034443
3444300034444444300034444444300034444444300034444444300034444444300034444444300034444444300034444444300034443
3444300034444444300034444444300034444444300034444444300034444444300034444444300034444444300034444444300034443
3444300034444444300034444444300034444444300034444444300034444444300034444444300034444444300034444444300034443
3444300034444444300034444444300034444444300034444444300034444444300034444444300034444444300034444444300034443
3444300034444444300034444444300034444444300034444444300034444444300034444444300034444444300034444444300034443
3333300033333333300033333333300033333333300033333333300033333333300033333333300033333333300033333333300033333
3000000000000000000000000000000000000000000000000000000000000000000000000000000000000000000000000000000000003
3000000000000000000000000000000000000000000000000000000000000000000000000000000000000000000000000000000000003
3000000000000000000000000000000000000000000000000000000000000000000000000000000000000000000000000000000000003
3333300033333333300033333333300033333333300033333333300033333333300033333333300033333333300033333333300033333
3444300034444444300034444444300034444444300034444444300034444444300034444444300034444444300034444444300034443
3444300034444444300034444444300034444444300034444444300034444444300034444444300034444444300034444444300034443
3444300034444444300034444444300034444444300034444444300034444444300034444444300034444444300034444444300034443
3444300034444444300034444444300034444444300034444444300034444444300034444444300034444444300034444444300034443
3444300034444444300034444444300034444444300034444444300034444444300034444444300034444444300034444444300034443
3444300034444444300034444444300034444444300034444444300034444444300034444444300034444444300034444444300034443
3333300033333333300033333333300033333333300033333333300033333333300033333333300033333333300033333333300033333
3000000000000000000000000000000000000000000000000000000000000000000000000000000000000000000000000000000000003
3000000000000000000000000000000000000000000000000000000000000000000000000000000000000000000000000000000000003
3000000000000000000000000000000000000000000000000000000000000000000000000000000000000000000000000000000000003
3333300033333333300033333333300033333333300033333333300033333333300033333333300033333333300033333333300033333
3444300034444444300034444444300034444444300034444444300034444444300034444444300034444444300034444444300034443
3444300034444444300034444444300034444444300034444444300034444444300034444444300034444444300034444444300034443
3333333333333333333333333333333333333333333333333333333333333333333333333333333333333333333333333333333333333